1 1
2 1
3 1
4 1
5 1
7 1
10 1
11 1
12 1
15 1
17 1
20 1
21 1
24 1
26 1
27 1
28 1
31 1
32 1
35 1
36 1
38 1
39 1
40 1
44 1
46 1
51 1
52 1
57 1
60 1
63 1
65 1
66 1
67 1
69 1
76 1
77 1
78 1
79 1
80 1
81 1
82 1
83 1
86 1
89 1
94 1
97 1
104 1
105 1
109 1
110 1
111 1
115 1
121 1
123 1
127 1
134 1
135 1
139 1
142 1
143 1
145 1
149 1
150 1
155 1
156 1
158 1
160 1
163 1
164 1
168 1
169 1
170 1
173 1
175 1
178 1
180 1
181 1
184 1
187 1
189 1
190 1
191 1
192 1
199 1
200 1
202 1
203 1
210 1
216 1
221 1
222 1
223 1
225 1
226 1
229 1
231 1
234 1
235 1
236 1
237 1
239 1
241 1
242 1
243 1
244 1
247 1
248 1
250 1
252 1
255 1
259 1
260 1
262 1
264 1
265 1
266 1
267 1
269 1
271 1
272 1
273 1
280 1
281 1
284 1
285 1
288 1
289 1
296 1
301 1
302 1
303 1
304 1
307 1
312 1
313 1
315 1
318 1
322 1
325 1
327 1
333 1
336 1
337 1
338 1
341 1
343 1
344 1
345 1
346 1
350 1
351 1
354 1
356 1
358 1
359 1
360 1
361 1
364 1
365 1
369 1
373 1
376 1
383 1
386 1
388 1
391 1
393 1
394 1
395 1
396 1
397 1
399 1
402 1
404 1
405 1
409 1
410 1
413 1
414 1
417 1
419 1
423 1
426 1
427 1
428 1
429 1
430 1
434 1
436 1
444 1
445 1
448 1
449 1
450 1
451 1
458 1
461 1
462 1
464 1
466 1
472 1
476 1
479 1
480 1
481 1
482 1
483 1
484 1
485 1
490 1
491 1
494 1
500 1
6 2
9 2
13 2
14 2
16 2
18 2
19 2
25 2
33 2
56 2
58 2
68 2
70 2
73 2
75 2
93 2
101 2
103 2
108 2
119 2
120 2
122 2
124 2
125 2
128 2
129 2
147 2
148 2
172 2
185 2
204 2
207 2
211 2
274 2
277 2
278 2
292 2
294 2
297 2
305 2
316 2
323 2
330 2
347 2
352 2
370 2
378 2
390 2
401 2
408 2
412 2
418 2
421 2
422 2
433 2
435 2
442 2
456 2
460 2
467 2
469 2
471 2
474 2
475 2
486 2
489 2
499 2
8 3
23 3
34 3
37 3
41 3
43 3
49 3
50 3
53 3
54 3
55 3
59 3
61 3
71 3
72 3
102 3
106 3
107 3
116 3
117 3
136 3
138 3
154 3
157 3
159 3
165 3
171 3
176 3
179 3
183 3
186 3
193 3
194 3
198 3
201 3
219 3
227 3
245 3
251 3
263 3
270 3
275 3
276 3
279 3
283 3
291 3
298 3
300 3
311 3
319 3
326 3
329 3
331 3
335 3
339 3
342 3
349 3
362 3
363 3
368 3
374 3
377 3
385 3
398 3
400 3
424 3
425 3
437 3
439 3
441 3
443 3
446 3
447 3
459 3
477 3
493 3
29 4
45 4
47 4
64 4
85 4
87 4
88 4
95 4
96 4
98 4
99 4
112 4
118 4
126 4
133 4
140 4
141 4
144 4
151 4
152 4
161 4
166 4
174 4
177 4
182 4
195 4
197 4
205 4
206 4
209 4
212 4
214 4
215 4
218 4
228 4
230 4
233 4
238 4
240 4
249 4
256 4
258 4
282 4
286 4
293 4
306 4
308 4
317 4
320 4
321 4
328 4
340 4
348 4
353 4
355 4
357 4
366 4
367 4
372 4
380 4
403 4
411 4
415 4
416 4
452 4
453 4
457 4
492 4
495 4
496 4
498 4
22 5
30 5
42 5
48 5
62 5
74 5
84 5
90 5
91 5
92 5
100 5
113 5
114 5
130 5
131 5
132 5
137 5
146 5
153 5
162 5
167 5
188 5
196 5
208 5
213 5
217 5
220 5
224 5
232 5
246 5
253 5
254 5
257 5
261 5
268 5
287 5
290 5
295 5
299 5
309 5
310 5
314 5
324 5
332 5
334 5
371 5
375 5
379 5
381 5
382 5
384 5
387 5
389 5
392 5
406 5
407 5
420 5
431 5
432 5
438 5
440 5
454 5
455 5
463 5
465 5
468 5
470 5
473 5
478 5
487 5
488 5
497 5
