-5.81729 4.40766
-6.0983 2.26972
-4.65918 3.42319
-7.69398 5.26352
-5.77338 2.79639
0.0162946 -7.18674
1.50378 6.30651
-2.08714 -7.93434
-0.644335 -6.69881
-4.43044 5.54128
0.240359 6.43801
-4.49619 6.50676
-0.694323 -5.62576
0.151635 -6.17124
-9.6966 4.1243
-0.983003 -6.55282
-5.80325 2.97081
0.783919 -6.79744
0.300517 -6.99939
-7.99106 6.21446
-4.87281 5.13004
3.45301 -9.29745
-1.07932 -6.7134
1.24875 6.90545
-0.841246 -5.17537
-0.380137 8.16415
-5.05805 4.97007
-0.762847 7.36294
-7.99093 -5.43838
4.02954 -8.19527
-6.03167 5.84842
-5.12158 5.37764
-0.698062 -5.34901
-0.751071 -7.54504
-0.41422 7.09858
-7.09045 4.56924
-2.66554 -7.80488
-6.48561 3.05555
1.93699 7.79038
-7.2368 4.12128
-2.64456 -5.81127
4.63867 -10.7825
-0.964652 -7.43256
-6.71175 4.31399
-7.37912 -4.7389
0.87407 8.07594
-8.34851 -3.22211
5.58257 -8.52936
-0.958216 -7.00419
-3.37453 -8.18052
1.46265 7.59065
-7.25171 5.2006
-3.04377 -5.84629
-1.01598 -8.48642
-1.57584 -6.76974
0.535789 -7.15936
-6.33397 3.3767
-0.496649 -4.06976
-2.26094 -6.26302
-6.20526 4.23737
-2.34838 -5.29353
4.83157 -10.0951
-5.39526 2.89201
-8.9679 -1.53321
-6.06292 3.31747
1.24323 6.12887
-5.60977 5.10347
-1.44878 -5.58032
-5.16707 3.78897
-0.148058 -6.59914
-1.80913 -7.82096
-1.79263 -5.73988
-0.175447 -6.95249
3.87647 -12.3978
-0.150676 -5.20041
1.0483 7.98214
-6.40463 5.70111
-5.61575 2.60706
-4.51646 4.69309
-5.7414 4.97343
-7.47244 3.95457
-5.16555 2.83799
1.14529 6.6461
4.86812 -10.3708
-10.1667 -4.26513
-1.57986 6.47153
-8.44189 -3.60013
-10.1169 -2.44141
-5.92587 1.98536
4.11001 -10.3363
3.21468 -9.65318
4.49083 -8.77276
-1.04339 -6.4476
-6.29027 4.79446
-7.74566 -4.36002
-8.2595 -4.51089
-6.50199 1.72754
-10.7815 -4.09462
-7.77242 -3.32314
1.74684 -8.96377
-0.554814 -4.846
-1.41009 -6.62838
-1.1995 -4.96843
2.33671 8.06026
0.22475 6.23693
-1.14341 -8.17344
-2.43295 -5.73156
-1.04925 -6.19959
2.03105 5.63352
1.85664 6.80409
-4.20784 5.86106
-8.49902 -6.59773
4.67829 -9.8024
4.30188 -9.50001
-5.89877 7.14165
-1.83448 -6.84557
-2.20566 -8.30406
-7.86651 -5.07146
-0.500341 -7.0971
-1.50106 -5.13635
-6.89736 5.8038
-0.812327 -5.65632
-6.16037 4.01905
-0.128275 -6.24359
-1.25245 -5.46497
-7.27723 -3.89527
-5.98712 3.84552
0.4163 -7.67745
-0.245648 -7.43772
3.83165 -9.67146
4.74431 -10.2854
2.06523 -9.55214
-8.44779 -4.97973
-4.94224 3.86821
-6.63831 6.3096
-1.49104 -7.83322
3.3839 -10.8031
-1.24398 -7.81717
-4.73648 5.52797
-10.0973 -5.25839
-8.66554 -4.84041
-6.56283 3.75405
1.94249 6.43311
-7.51369 -3.90836
1.75975 7.78568
4.74843 -8.53631
-0.652623 -5.30757
0.326672 -6.31025
-6.50107 4.32713
-8.04949 7.01082
-8.07594 -4.40383
-8.41258 -4.97623
4.00905 -9.89106
-1.71544 -7.42819
-6.41463 5.69825
-0.846236 6.70844
-1.31552 -6.6802
-7.18423 2.73646
-3.03661 -7.46447
-0.586517 6.00142
-9.40507 -4.40585
4.29067 -9.10993
0.960616 6.434
-5.71353 2.98564
-1.55717 -7.03932
-9.39287 -4.52056
2.74622 -9.21751
-5.14346 5.52574
0.710522 5.92021
-6.70287 5.64415
-1.32952 -8.26409
-0.83311 -5.35889
-6.92188 4.80295
-8.08558 -4.97998
-6.99533 5.28243
-1.19027 -7.29238
-9.67692 -2.93151
-4.36031 5.77357
-2.37715 -6.35166
-0.185187 7.01104
-5.67933 2.49941
-7.02563 -4.90247
-1.26671 -6.92828
2.18573 7.24573
0.0892348 -7.66247
-1.3097 -6.14131
-0.214712 9.01166
2.83365 -9.10595
-5.82332 5.69506
-6.09408 6.1916
-5.352 5.68407
-4.89595 5.44743
-2.74022 -6.26887
-2.15735 -7.7787
-9.05345 -5.53696
4.67748 -8.28679
-8.00368 -4.53111
-1.43621 -6.35146
0.434787 8.15143
-0.0622196 6.21768
-2.00364 -6.57918
2.0992 8.74316
-7.18555 4.16396
-0.821322 -6.48601
-10.8859 -3.76108
-7.84898 -4.16795
-0.451189 -5.94815
2.71458 -7.60851
-8.84839 -3.87411
-6.74133 4.68507
-0.228063 -6.73442
-10.13 -3.63151
6.10626 -9.31776
-9.23223 -2.28232
-7.49439 -3.0745
-5.82831 4.68541
5.2436 -10.1732
-8.54493 -4.23243
-2.54773 -6.01222
3.86021 -8.54277
1.67243 6.35332
0.539491 6.68217
-6.57289 2.34328
3.91256 -10.0744
2.01858 6.86506
0.8419 7.21751
-2.11763 -7.37883
-8.02129 -4.54218
2.15957 5.99929
-6.03657 -5.39669
-6.11179 3.19264
4.5879 -9.75266
-7.58454 -4.51597
-5.16697 2.42787
-5.87609 4.3773
1.54211 7.30961
-5.24269 5.28751
-8.89797 -4.90543
1.04587 7.08359
-7.55026 -5.30111
-6.01972 5.79888
0.660145 7.29184
-6.64776 4.93233
-6.1819 6.28978
-2.14344 -7.19026
3.5365 -10.7963
-5.67616 1.44363
-4.04613 3.44411
-9.18313 -2.16496
-6.24651 4.34077
-1.55238 -5.97919
-7.72157 7.22706
5.26096 -7.81311
4.29049 -11.2352
-5.66964 3.52194
-6.38353 -3.36045
2.05636 -10.7945
-8.11674 -4.43223
-6.5244 5.26784
-4.94426 5.7313
4.31395 -10.0029
0.39942 7.66374
-1.23732 -6.64779
-5.63652 3.05936
-6.66741 5.86192
0.575392 6.6719
-6.24019 4.19685
4.61877 -10.8271
-5.66898 4.26176
-2.93374 -6.77034
-5.54655 2.13993
-0.33172 9.62189
-6.61765 3.6261
0.60254 -7.5234
-2.40803 -6.82625
-1.1337 -6.85725
0.492471 -5.23939
-0.339634 -7.76133
-1.64071 -8.18194
-5.40479 4.10159
-6.37535 2.77469
-9.59636 -4.93539
-2.66178 -6.69655
-4.37018 4.45814
2.0816 6.01909
-7.5189 -5.78645
1.55997 -9.18835
-5.55347 3.89625
-6.57713 4.75683
3.7578 -9.23174
-1.33864 -6.25332
-0.448068 -6.90824
-9.69962 -5.04177
-1.567 -5.00217
3.0219 -9.70492
0.556946 5.77195
0.429242 -8.46391
-1.68567 -6.6307
4.02256 -10.3537
-1.37336 -7.08373
-7.23318 2.98876
0.902529 8.79011
-5.94092 4.67547
-6.54934 5.16807
0.238708 -6.04747
-10.6031 -6.27627
0.294322 7.85008
-8.58103 -5.22964
4.59666 -10.5462
4.12406 -10.3672
-2.85823 -6.49332
0.995973 8.43999
-5.35736 3.2918
3.06336 -8.61937
-5.98742 3.27063
-1.02623 -5.41625
-9.14117 -3.94446
0.77286 7.32969
-2.83576 -6.67166
-8.87102 -4.97669
-9.48982 -3.85973
-5.3068 5.82078
1.08092 -4.66052
4.14728 -9.80455
-4.41305 4.81873
-1.67816 -6.0955
1.53384 7.80249
-9.60443 -4.46687
-1.48052 -5.79886
2.59373 -6.21171
-1.51874 -6.84193
3.78717 -10.0796
-5.69503 4.1582
4.85975 -9.82408
-3.09485 -7.87709
-5.92089 3.9616
-2.9398 1.78442
-4.50485 5.44502
-2.11975 -5.03998
-9.82428 -3.80731
0.610447 7.50927
-3.19721 -4.78426
-6.70404 5.70198
-5.77717 4.54289
-0.0105828 7.26037
1.72528 5.91342
-0.750398 -6.95718
-8.36783 -6.4349
-1.68417 -7.12133
-5.81227 5.95894
-1.44138 6.62093
0.809942 -4.73147
-9.40598 -4.33491
-5.84051 3.0943
-8.40702 -5.9332
2.86 6.73953
-10.2037 -2.80539
-3.33118 3.06552
2.25447 8.90298
-5.94222 3.81602
-5.53021 5.03884
-2.1491 -6.75889
-0.523351 -8.54835
-7.82605 7.00345
-3.78195 3.36183
-7.48037 -3.88911
-8.5881 -4.42358
-1.55888 -6.6261
-5.78469 2.83446
0.0577284 -6.47776
5.21745 -9.89651
-9.03728 -3.83617
-5.54591 5.49616
-2.72749 -8.09148
4.32798 -9.64064
-6.31408 6.58357
-2.8496 -6.40217
1.01271 -5.12802
2.97503 -8.7957
-8.20264 -4.48263
4.15643 -10.1763
3.73687 -9.43113
-1.10398 5.52943
6.29592 -10.7037
-1.44257 -5.88556
-6.3875 2.17158
3.95518 -12.1856
-5.09844 2.41625
4.29423 -9.93574
-0.0924694 -5.31625
0.674222 6.83287
3.84218 -8.86664
-0.62931 7.27254
-0.175265 7.96288
-0.897475 6.31569
-1.64211 7.13233
-4.83145 4.7384
-3.1122 -6.22243
-4.1358 3.16815
-1.45156 -7.82474
0.658896 -8.42468
-5.20681 6.1301
-9.38575 -4.42205
-6.25361 3.30271
-5.57638 5.23964
3.61489 -10.2618
3.20883 -10.3215
-0.854345 -6.2983
-5.79028 6.08059
-5.32076 5.7837
-6.37415 -3.42223
0.675515 -6.08629
-4.35699 3.03486
-6.38133 5.03249
-8.00339 -4.10285
-7.92362 -5.33536
-5.71521 3.25068
-1.55283 -5.09099
-5.37677 2.92886
4.36024 -8.87785
-0.567524 -6.6835
-0.298992 -6.07447
-6.53626 1.23859
-1.8238 -6.15848
-2.02723 -8.06844
1.07572 9.09608
-6.4091 6.3393
-8.32369 4.64872
-4.62958 5.94971
-5.84787 5.21778
3.39354 -9.68183
4.38925 -8.27337
-0.583581 -5.59848
0.351463 5.92097
-0.354245 -7.70157
1.19618 8.85672
-0.0956003 -9.14705
4.10875 -8.44665
-1.99882 -6.38501
3.84895 -8.05885
-1.94035 -6.33672
-0.990171 -6.69007
-1.49773 -7.3549
0.273731 7.11342
-7.32858 4.21373
-1.78247 -5.92186
-1.00934 -7.24656
1.9375 7.97054
-6.13089 5.03261
-0.313744 8.06723
-5.05551 3.17429
-7.46227 -4.70905
-10.0211 -3.59474
6.31958 -8.77262
3.20687 -9.02014
-0.466895 -7.23864
-9.45512 -2.47257
-6.2958 3.27106
-2.4957 -6.89527
-0.462998 -6.51786
-6.74898 4.8494
-5.35866 6.04963
3.9954 -8.6654
-6.84838 6.05439
3.25423 -10.6992
-5.20275 4.97767
-0.224263 -6.06169
4.23102 -9.1733
1.84146 -6.62127
3.39133 -11.259
0.177868 -5.38199
-5.67888 3.98915
4.51121 -9.50163
-0.609874 -6.13134
-0.417744 -6.1509
-7.24896 5.48046
-0.977571 -7.26713
3.12164 -9.30309
-5.21071 2.98403
-7.04916 4.42462
-4.95938 6.30633
-1.13297 6.51818
-6.86031 5.75668
0.313519 6.49857
1.96793 7.46658
-0.76977 -5.11524
3.06442 -9.24161
3.49363 -9.53709
-0.904559 -5.92053
0.477652 7.61419
1.23915 6.9755
-8.65916 -4.28694
-1.95916 -4.5947
-5.57574 6.15847
-8.8825 -3.12914
-10.0883 -3.5556
2.66474 -9.02942
-8.52419 -3.06773
-1.27596 -5.20639
1.87312 6.84542
