4.97804 1.72507
6.31051 -1.37947
-3.35714 4.7256
6.13181 1.00346
7.89667 0.172245
5.50744 2.87728
0.953065 -5.43071
1.26566 -2.8766
1.44687 6.56411
7.06104 -6.30805
0.27124 4.20683
9.01762 -8.09866
8.30588 -2.64878
9.71811 -7.80968
3.30557 6.11048
6.35024 -3.21623
0.882336 -6.90013
-2.80592 6.83168
4.66135 5.31964
-3.36374 6.61343
6.98431 -6.68302
6.51543 2.12038
-3.74921 6.99731
-2.78704 7.24605
0.276429 -8.89844
1.44552 -2.5997
-1.5835 -1.23079
2.18112 -1.99459
7.17658 0.288521
0.227231 -6.63014
0.713462 9.04833
-2.37849 6.49749
-0.805619 5.71146
3.13516 4.6011
-3.60041 6.69398
4.76131 -1.94575
8.02812 -6.01884
2.16104 -2.44826
3.56584 -4.62678
-3.85337 3.91973
2.91394 9.18266
-0.99337 8.73588
0.736499 -2.06439
2.58025 4.02484
1.46976 4.96164
4.44298 -4.6139
-0.417337 -2.65339
-0.168838 -1.90078
1.01158 10.2667
6.12599 -2.33077
-3.9785 6.73149
-0.785855 -3.34526
8.18906 -5.49146
6.76915 2.50254
-1.65977 -1.89102
1.06906 7.59976
0.810612 -6.39496
-3.04898 5.72245
1.67905 -7.58355
7.61448 -5.82888
5.90886 -3.14165
7.75676 -6.55787
8.98503 1.66801
6.85092 -2.66959
6.29946 -1.88265
1.54375 -7.16348
8.13866 -8.08466
1.56707 5.4029
-2.07227 -0.840212
-1.38597 -3.35087
-0.386751 -3.54546
-2.16553 -1.45747
4.77371 6.12619
6.10107 3.25759
3.43712 3.70842
1.30145 8.14124
1.99359 7.70604
2.45128 -4.1808
7.75118 -2.0483
-2.43269 3.78601
8.22338 -6.68096
0.853895 -3.20386
7.54595 -3.29951
-0.238061 -2.58505
5.87807 1.40975
-2.77638 5.80476
2.76674 5.06356
4.66518 -3.51077
8.46959 2.8572
6.86192 -5.17551
10.2877 -6.59987
6.64845 -3.61946
9.32029 -6.52544
1.08821 8.40452
9.57733 -6.24927
4.75899 -4.36053
8.54773 -7.03632
4.31909 -4.21847
0.824184 4.84706
6.8108 -6.49865
0.271503 5.86437
-2.86253 6.88897
5.81945 -3.10877
1.28075 10.8195
5.76031 -0.679963
5.11056 -3.24627
-2.69139 5.18886
0.872318 -2.72494
1.11748 6.30138
6.81289 -8.36115
2.10379 -3.50788
0.841329 9.40438
1.01109 6.1507
3.85474 -6.56689
7.15361 -1.73342
0.0623269 -7.97826
0.927054 8.04198
8.49972 -6.89269
0.487589 5.91664
8.58004 -6.18552
7.29885 -6.77937
9.03421 -5.57802
2.84911 -3.18991
8.8379 -6.93045
5.09912 -4.08133
-2.95828 6.72491
-3.77343 4.52867
3.3668 4.71177
4.19465 -4.17742
8.87724 2.3599
0.509378 6.54569
0.96526 -6.83762
1.99285 7.11483
-3.39161 5.8463
3.01988 -2.25834
7.25446 0.382184
7.28746 2.26899
6.11758 -2.45191
7.62948 -5.97669
6.82514 0.0690368
2.08016 -3.24483
1.68514 4.76504
6.92476 2.78925
5.45734 0.536141
0.0489951 -1.50016
-0.52382 -0.602965
0.0423996 -2.38187
0.18412 -3.36839
0.27692 -6.25265
1.77567 4.39433
2.02067 5.14252
7.33161 0.35894
2.6333 5.08223
7.49654 -7.30702
6.39822 -0.433723
4.43158 -4.54673
0.922343 -3.61313
7.4241 1.03956
3.80379 3.17533
1.57358 10.6789
4.17328 -2.04093
-0.445973 -2.62033
4.55347 4.57465
7.57304 -6.74708
0.000322856 5.46373
0.158966 6.56567
4.38925 -3.32167
-1.98545 4.83878
0.861274 -7.45783
0.0636542 -2.31006
1.41226 6.15633
7.29218 2.5027
1.57739 0.258917
3.94619 6.60131
5.81356 -3.92266
0.59298 -2.07442
4.04359 3.43942
0.83227 8.87713
7.32451 -5.57508
7.57754 -3.73473
-2.92135 7.39784
0.756534 -7.67494
2.74936 -3.56379
0.813978 -5.51168
-1.89672 5.94217
-3.39092 4.86694
2.15764 8.94566
3.37217 -2.84605
1.96974 7.4056
-1.62232 -2.15394
6.86365 -7.29502
0.418453 -8.09876
6.40384 1.70894
2.55351 4.27543
2.96909 4.12383
3.41983 5.52613
2.29416 -7.75886
1.81935 -5.47493
-4.74731 4.94934
2.67309 8.9019
-0.874886 -1.40303
1.37501 -7.42401
2.40159 -5.05853
3.97844 5.23963
0.56272 6.23101
6.86198 -1.77574
8.09822 -5.51723
6.92974 3.01656
-2.42758 6.16364
6.60546 -3.22643
1.52622 4.63941
3.91623 4.22847
6.93701 -2.68615
4.77361 3.39985
2.51905 -4.65467
4.32407 4.10114
3.52439 -4.4389
-1.60494 -3.91705
-1.89912 -9.64615
6.52018 1.05875
-0.759256 -7.22049
-0.0744563 6.27012
-0.629005 -8.39736
3.51847 -5.09052
-3.02892 4.64648
1.61123 -8.89668
7.63909 1.24907
-0.0836489 4.57928
1.01027 9.72369
5.96202 0.0202576
0.349602 4.55434
5.64437 -3.37344
6.25125 -1.78192
-2.55166 4.7977
6.58292 0.99309
0.354764 -8.68054
5.50343 2.74024
0.190309 -8.00077
-0.0751796 9.07205
-0.433425 7.10516
1.44073 9.6355
5.15995 -3.47234
1.18984 10.5813
0.523586 10.8165
6.23607 2.54723
1.53028 6.1503
-1.3981 -1.7174
0.609904 9.05575
5.61537 0.477773
-1.40839 -2.48803
2.34475 6.81224
6.10711 -1.1438
3.18293 -4.28312
-0.0767901 10.0669
3.47111 5.0316
-1.4142 -1.74476
7.7151 -5.78304
7.71742 -6.21776
-1.47634 -2.96047
4.49774 5.48175
7.77745 -7.45767
9.27082 -6.73877
1.09648 5.25376
-3.66083 6.42792
-0.0640756 -6.34445
4.92964 5.55556
6.13587 -3.55815
5.97431 1.06784
1.68846 6.34353
8.27045 -6.66334
3.64462 -2.0986
3.10987 7.93304
2.01484 5.52944
6.4498 1.7278
-0.22745 -7.25817
6.13508 2.54594
7.7617 -6.59667
8.37836 -6.9629
7.81578 1.07296
8.90922 -6.42807
7.28824 -7.93118
-2.27437 -1.44016
4.24388 -4.18985
1.67053 -8.10526
5.82723 -1.90602
7.59915 -2.64619
0.510847 -6.63961
-1.19766 -3.63049
-2.11175 5.55301
8.93593 -4.53411
4.46864 2.54011
3.16663 -3.48274
7.70391 1.53769
7.84734 3.30475
8.4121 -7.23975
1.26605 10.4753
-0.0786168 -1.50926
-0.617478 -3.05743
-5.04957 5.53807
3.74522 6.16658
4.06112 5.57791
7.24298 1.06817
-1.4717 -3.25602
4.16554 4.87637
0.207261 -7.76245
7.59658 -3.4672
3.56688 -2.75822
-1.21577 6.65239
1.45794 -8.4084
3.38184 -3.87838
4.65675 4.64313
-1.65512 -1.80072
-2.99205 5.01625
8.78151 -6.95442
4.267 1.50914
-0.4247 -3.52885
8.74814 -5.48248
4.49557 -2.47562
5.44972 0.0366683
0.193498 6.03019
2.59222 6.1464
-1.03635 -4.76018
-2.74055 5.45368
4.21505 5.94626
0.359896 9.94811
2.53127 -2.95656
-3.1627 6.05574
1.62077 5.9549
3.17687 -3.50942
-2.02528 5.7466
2.87398 5.33078
-1.94155 -5.95184
3.60243 -1.72019
0.42886 -2.28047
1.16224 -1.71041
-1.27875 -9.37285
1.71614 9.93844
6.81508 -3.36264
6.07016 -3.5862
7.56551 -6.92601
2.50166 5.37072
0.642705 -3.08176
-3.48697 6.08531
4.9666 5.23472
-3.66504 4.66583
7.27382 -2.35486
2.27425 -1.20913
-4.62476 4.13112
9.28494 1.94984
7.75549 4.5521
-4.49722 4.49232
8.78344 -5.36889
0.946221 6.45359
2.60521 5.06467
6.75926 -2.84138
0.67549 -2.46545
1.72162 9.18678
3.54724 5.84404
8.23308 -5.32294
0.899398 10.6536
7.42988 -6.54823
1.44159 6.28776
0.733242 7.5124
1.44226 6.97045
2.51647 -4.44639
7.65206 -5.98403
-0.756782 -2.84314
-1.40982 -4.08316
7.69225 -6.22369
-0.750352 -3.43907
2.74143 -3.84552
1.05313 6.02628
4.87559 7.39995
0.302122 -2.05279
-4.41161 6.87855
6.41548 1.60982
5.77043 -5.91182
2.91428 8.8479
-0.475556 -2.23349
6.24138 1.67089
1.25912 9.39618
0.678824 4.87474
5.70907 -2.92198
3.4003 4.11347
1.84143 9.62366
3.12215 -3.31288
0.0331249 -7.20599
4.36497 4.96136
6.90506 -0.140096
8.79986 -5.40455
1.02839 10.1673
8.48247 1.61779
0.506622 7.91542
0.767248 4.78924
-3.23383 6.61065
-0.446486 -8.12982
6.77713 -2.08619
-0.694346 -2.87267
0.0129745 4.31799
6.75005 -1.84287
3.63548 2.49196
1.41587 -6.67876
6.99916 -2.48885
5.85606 -3.47145
6.63521 -7.98492
-2.73386 3.80961
1.87486 8.95069
-1.52844 -8.58076
1.33398 -0.16514
0.945679 10.5973
-3.74643 6.20085
6.70108 1.5892
1.50911 5.49859
-3.24934 5.07866
1.25132 -8.25444
6.20393 -6.15121
2.18142 5.3445
4.83271 4.76864
2.33851 -4.51076
3.06664 6.90972
-3.9179 5.6227
2.26936 -4.61677
-3.46727 5.87528
4.20871 -0.937779
0.837706 9.37601
1.12304 -3.33915
2.29136 -7.1663
-1.50562 -6.56711
-0.646213 -0.376598
7.03336 -3.67238
2.44996 -3.73243
-2.59126 5.72113
0.200156 -2.60938
0.278752 -7.45605
3.27267 5.26747
-0.730109 -4.16326
0.471299 5.66713
-3.46634 6.37224
2.80411 2.62129
3.9272 -4.62288
3.87406 -3.97718
0.232138 7.5185
9.36895 -6.20081
6.16467 -1.56908
-2.44624 6.52808
4.56585 -3.45423
1.88109 6.19109
7.54342 -7.18661
2.11439 5.36778
3.55744 -5.77647
8.67735 -6.6507
0.0154982 -7.06241
1.4346 6.11937
3.33631 -1.80248
0.718442 -2.94801
-3.47386 4.67879
5.38047 5.71208
-3.43733 6.96973
-0.802092 -4.36666
1.27001 7.76737
4.41271 -2.29151
7.51717 -3.46268
-1.30778 7.074
1.83729 10.7614
1.64217 5.00374
7.08377 -6.26813
0.116928 -8.6673
-2.29827 5.95955
2.82731 3.91843
2.54294 8.93285
1.35396 7.55574
4.67328 5.13722
6.56954 0.803473
2.24524 6.07292
5.75062 -0.272301
0.0440779 -8.24691
0.859174 -3.46268
2.57221 -2.18222
6.3451 -2.71372
-2.00642 -3.53889
2.66251 -3.56005
5.83213 -0.590394
-4.44438 4.11401
7.2903 2.90734
9.18751 -5.3288
7.31873 -6.32649
-2.92217 5.58165
2.10479 5.09494
0.860388 3.72435
2.25358 7.20081
5.14113 1.49183
2.24548 5.00327
-3.94049 5.60375
2.94984 5.62018
7.27869 0.160412
3.07039 -2.0641
2.93878 3.34532
3.6123 2.20787
2.18291 9.03308
0.85802 8.77148
6.55081 2.30925
7.49162 -0.745702
0.888019 6.79134
0.0963558 -3.02647
0.594325 6.91162
0.881922 -4.75182
6.83073 1.60584
-0.00291906 -7.69718
1.38953 -7.45231
0.83594 -6.33775
0.167233 7.95763
4.43819 4.38576
3.24673 -4.3407
-1.78468 -6.4435
2.82619 5.15231
-0.6634 10.0282
0.263531 -2.98808
1.5535 -9.01425
5.25629 -3.15507
-0.417328 -7.58413
6.55528 -1.20659
-2.37167 6.82176
4.99693 -4.44974
6.81629 -3.6498
6.29622 2.87538
4.41747 -3.37015
-1.15133 -7.90209
8.31968 -7.4478
5.38817 -1.74723
1.75123 -1.37077
9.36194 -6.55738
6.00677 1.29278
-3.64456 4.02931
3.598 -5.03115
6.1462 1.81641
7.14004 -2.40597
1.12746 8.43851
8.89939 -6.63419
-0.106007 -1.62708
0.518735 -7.49241
2.05248 -4.28028
-3.12601 6.5217
1.93341 4.97345
6.24517 -2.60429
7.05254 0.170174
3.23429 6.19982
2.30306 5.5138
6.72444 -2.94076
3.46917 -3.87692
3.00925 3.99585
8.52255 -3.30423
3.9959 5.77823
8.84402 -6.09783
2.31113 -3.25088
3.08478 -2.75142
9.68283 -6.33303
0.763106 9.70816
6.0905 2.88746
0.714241 9.47398
6.97856 2.2079
0.0366866 -2.24616
-1.16122 -6.86931
0.61406 6.23731
0.679802 6.33454
-0.243705 -7.48015
5.90243 -2.47822
-1.48484 -2.59544
-1.44076 -5.58057
0.646948 -5.74778
1.23343 -2.82707
5.71809 -1.11285
10.0819 -8.52079
-1.18968 -2.13816
7.96322 1.79867
0.337965 9.90021
1.64474 7.51174
5.53659 6.61368
0.427725 -8.12712
1.58525 9.45188
5.70367 4.58421
1.09168 5.70257
2.71847 -2.43401
0.646595 10.2374
6.8586 1.98122
0.801601 10.5779
4.74393 1.96205
0.787995 5.42689
-3.12628 5.74403
-1.17807 -6.91576
-1.20324 -2.55639
-1.94425 -4.17549
6.7537 -1.12354
1.45653 9.93616
-3.06255 5.92356
2.83747 6.31165
1.48394 5.42392
2.87277 -3.70598
2.29356 -2.59178
1.03613 -1.42113
7.07355 -5.57383
-1.24804 -3.27579
0.630461 7.102
0.660028 6.56034
3.254 6.6089
3.4071 4.45577
6.1311 -2.25739
6.58022 2.1165
8.10804 -6.45008
-0.262778 -5.30703
0.380897 6.30267
-0.603241 -2.87139
4.26811 6.36395
3.70444 -3.07007
3.43276 5.46719
4.88025 6.5226
1.24323 -2.51578
-0.778071 -7.41538
-1.44929 -2.4954
2.64317 5.32677
-3.83106 7.22779
-0.423132 -6.90444
-0.364822 -9.22172
-3.6437 4.60823
6.52091 -7.17693
3.07656 4.79384
8.10677 -1.93992
-2.47605 -1.87043
3.70141 5.06117
5.52012 4.51237
-0.545165 4.99557
-0.277366 -4.18609
-0.0621251 -8.46005
-1.0889 -3.13172
0.210061 6.19064
-0.718939 -3.35562
6.17826 1.17511
8.56628 -6.95185
3.99238 5.0775
3.74862 -1.4818
6.80898 -7.55094
-2.12725 4.15336
0.555168 6.27983
2.16308 -3.34558
3.60315 5.58002
5.62545 1.19142
1.04736 -2.99779
2.87238 -2.93836
-2.7147 5.53984
6.16162 -3.65232
7.71253 0.216535
0.285306 -6.63573
0.87583 9.87016
-1.3631 -3.20221
1.68299 -3.09838
1.53272 9.38969
-3.2478 5.87383
8.18944 4.16731
-2.92708 6.47529
3.45744 -2.92108
2.70996 7.49986
-0.877903 -8.82907
-0.391067 -2.99432
0.389715 -5.8263
-3.79816 6.224
6.60305 -1.27586
6.92933 -1.17252
3.27131 -4.02989
-1.22151 8.26573
0.0432311 6.43487
3.00739 4.54192
7.94406 -7.11267
-0.206822 9.74779
7.28737 -1.59953
3.44247 3.40617
0.121115 8.79937
-0.303291 -2.05233
8.39269 -4.80387
9.28079 -6.49791
-0.371823 -7.01736
0.521584 -6.66014
3.53563 4.5424
2.10429 9.80822
3.37109 6.18019
2.17194 5.0237
5.52663 -2.5853
7.8526 -6.98403
-0.604019 9.293
6.23662 -0.217235
6.70432 -2.0132
4.33692 5.3077
1.62016 9.07751
7.55496 1.09198
2.91672 3.49703
-2.88382 5.56054
2.77011 7.10321
6.03351 -5.10943
7.41898 -1.2382
0.22994 6.25967
1.06483 -6.79855
4.67758 5.72755
0.895604 -0.664415
1.56851 -3.13193
8.90441 -7.62695
9.28145 -6.41521
1.3787 6.29646
4.67581 -5.22335
-0.748868 -7.72498
1.47031 7.935
5.67234 1.54857
1.76659 8.63677
2.05369 7.30912
-3.854 5.72077
-0.138852 -3.22144
6.64082 -3.35723
8.62802 -1.69008
-0.45724 -2.72695
3.56009 4.66839
-3.08533 6.29629
-2.17088 3.77267
-1.22917 -8.03567
2.81431 -3.89653
2.18457 5.8446
4.3673 -1.02964
1.7551 5.89901
8.17892 -2.05056
6.40898 -1.52119
-1.59891 7.30332
1.16742 7.15511
6.50699 1.44618
-4.16293 6.06175
1.06899 8.16618
1.22178 6.53565
1.76619 5.65825
4.8319 5.47262
2.95874 6.72821
6.89787 0.311584
6.75302 2.53794
-0.821928 8.65626
1.34457 -7.18705
5.41745 -2.04351
1.96876 8.57632
1.63667 9.70741
6.18305 -4.44357
3.36331 -3.76315
6.26335 -5.84554
-0.585728 -8.25349
0.523781 -2.11613
6.37879 1.59397
6.87299 -3.48616
-3.04798 6.91764
2.75567 9.34483
-3.95609 5.96262
4.01257 -3.51621
2.50073 -5.98863
1.13907 9.69805
0.283479 -8.42612
1.31311 6.60116
-1.44309 -3.33503
5.71487 -1.68747
1.27894 8.92727
1.07794 11.0139
8.19226 2.44669
3.42072 -3.76865
1.06079 -7.99855
8.28274 -6.39262
4.65454 -4.37388
4.18336 -2.21755
-0.531204 -6.43697
-0.946204 -1.93462
7.55343 -4.06423
4.02985 5.54445
3.53176 -4.14845
2.72353 -3.66688
4.84338 -3.92582
0.10233 -2.80272
-2.07163 5.28841
-1.29456 -2.5227
6.60411 -1.84257
6.85987 -2.40889
9.12206 -8.03088
1.34851 6.35251
1.49663 4.85989
7.35221 -1.93845
5.62027 -1.61773
3.97023 -3.46523
-0.259866 10.525
7.243 -6.35262
1.01512 3.8296
0.488238 -6.40402
4.17068 2.92362
-1.44954 -6.32473
1.08313 4.4096
0.659179 10.577
6.76444 -1.82556
0.930918 8.50204
7.55863 -0.00752362
3.63471 4.39011
7.23899 -3.22635
4.49274 3.92338
-3.5106 4.90659
1.83402 9.7696
5.36659 -6.93287
8.15749 0.457704
1.81309 9.86102
1.93857 9.98585
1.37553 6.79734
1.17813 6.54591
-1.68299 4.79866
-1.10585 -8.76118
3.36896 4.7
6.99379 0.458185
3.57213 -3.49033
6.26427 -3.27817
0.185 7.65668
0.599071 -6.5317
8.12807 -2.5061
2.85268 10.3267
7.43927 -3.13336
-4.26914 5.89442
-0.72682 -1.87574
1.19805 9.64888
2.18968 -4.10557
-1.67944 -8.44587
1.02071 10.0853
1.32253 8.11046
7.57026 -6.35762
6.60199 1.535
-1.94929 -6.7735
-2.72724 -1.68654
-0.486492 -1.58974
7.02138 2.29014
3.8089 4.74721
0.93742 8.85278
1.64283 4.00151
5.31549 5.92685
7.68977 -6.15279
-1.07048 -8.79534
7.52966 1.52719
7.55142 -6.19989
0.810909 -9.46948
2.633 -3.31795
5.03813 3.53391
5.70126 -3.31883
-1.06028 -3.34488
1.53791 6.91902
-3.67098 7.7003
3.44182 -4.38865
10.612 -7.19192
8.08256 1.63863
5.14586 2.61912
5.47538 2.67349
0.684225 4.49445
-3.01964 -1.5097
-3.00348 6.55849
1.02292 5.19584
0.945279 -8.49896
-4.94041 4.48195
1.29576 6.98552
1.15698 5.76237
3.7889 -3.77557
0.624227 -8.23786
6.07295 -0.750828
7.15517 -3.09893
3.61812 5.80177
1.71615 4.78243
2.14449 7.68463
1.47498 9.5439
8.24859 -4.01432
2.11856 9.62245
0.650776 -1.84164
7.36856 -6.21846
1.7103 5.56044
6.37695 0.076045
-2.40817 6.84989
1.10986 9.99155
-2.76414 5.16386
6.20651 -0.982304
0.57191 9.00698
6.94271 -2.96683
-0.676163 -2.13352
1.89985 4.21835
0.670091 -6.16598
5.91931 -3.8075
6.94461 1.36171
-4.01492 3.96341
6.48728 -2.70794
1.15984 9.49808
4.44345 4.99547
-3.35056 5.38345
6.86485 -7.12195
0.382323 -0.781945
6.55723 0.255188
-0.356518 -7.70777
-1.61847 -2.40798
0.615021 -8.68984
-3.55811 5.67095
3.39584 6.11341
8.21879 -6.13086
0.0417709 5.66951
2.73871 -3.33573
-0.518239 10.8323
0.739815 -3.56448
7.80554 -5.20101
2.05147 -8.3858
-0.061015 -8.91381
3.53357 5.54979
8.24049 0.997039
5.23953 0.60228
-1.09662 -0.687222
3.4173 4.79214
0.438005 -7.40698
1.22457 5.77212
-3.83332 6.19285
0.486596 -7.94615
3.32784 3.48627
1.41061 8.51297
5.19611 0.202858
-2.82345 6.1829
7.62238 -6.45685
7.275 2.64214
7.50955 1.7864
3.08886 3.9071
-3.64239 3.60179
7.45813 -6.55189
8.38993 -7.25327
1.49754 9.88571
-2.31753 6.28096
-0.286389 4.77618
3.41672 -4.71403
6.98154 1.42866
-3.96207 4.52008
-3.2831 5.34214
5.42193 4.22503
8.38574 -6.54963
0.789708 11.0119
6.55729 2.95179
1.51109 4.59716
-3.73817 3.68727
-3.47246 6.05701
-0.23109 -7.25034
6.05665 1.03219
2.17119 5.49149
2.93274 -3.15844
-3.74978 6.22127
8.28417 -7.70267
3.8984 5.42615
6.25203 4.17942
6.9766 -4.51847
9.47309 -6.06317
-0.798198 -3.32675
-0.766893 -7.70293
3.77415 -2.15991
5.64435 -2.11769
-2.54878 4.4222
8.05267 -1.18041
1.87651 4.57594
7.26153 -4.26204
-0.135336 7.92435
1.67569 9.06135
1.7327 9.59158
-0.53325 -8.66621
2.69034 9.40293
2.7376 9.56076
9.13419 -5.26301
0.303941 -6.95158
-0.440011 -0.881887
3.20844 -3.19903
6.14595 -0.464899
3.45358 -2.70559
6.72574 -2.13181
8.68792 -6.0593
6.15927 1.49774
-0.548589 9.9107
7.22812 -6.42693
6.9466 -4.10081
0.333699 -8.5807
7.24565 1.79251
-3.72338 5.73438
5.88048 -3.44604
-5.26982 7.7067
9.01054 -5.49687
5.85946 -2.48208
3.36403 -2.92843
4.17711 4.93264
0.772701 -9.08976
1.7178 5.21777
4.10264 -4.21917
0.752519 8.30389
7.38299 -3.8477
0.692943 8.29567
-0.0221674 -7.52307
7.03691 2.00538
-0.161065 -1.52949
4.58242 5.61925
-0.0387337 -6.52789
-0.311696 -6.81756
5.97383 1.58388
-0.637748 -6.69136
-2.69713 4.27452
7.823 -7.06155
