1 1
2 1
3 1
4 1
5 1
10 1
12 1
15 1
17 1
20 1
21 1
27 1
31 1
32 1
36 1
38 1
40 1
44 1
52 1
57 1
60 1
63 1
65 1
67 1
69 1
77 1
78 1
79 1
80 1
81 1
82 1
89 1
94 1
97 1
111 1
115 1
121 1
123 1
127 1
134 1
135 1
139 1
142 1
149 1
150 1
155 1
158 1
164 1
168 1
170 1
173 1
175 1
178 1
181 1
189 1
190 1
191 1
192 1
203 1
210 1
216 1
223 1
231 1
234 1
235 1
237 1
241 1
243 1
244 1
247 1
248 1
250 1
252 1
255 1
259 1
260 1
264 1
265 1
267 1
269 1
271 1
273 1
280 1
281 1
284 1
288 1
289 1
301 1
303 1
304 1
313 1
315 1
322 1
325 1
333 1
336 1
337 1
338 1
343 1
344 1
350 1
354 1
358 1
360 1
361 1
364 1
365 1
369 1
373 1
376 1
386 1
388 1
397 1
399 1
402 1
404 1
405 1
409 1
410 1
413 1
414 1
417 1
419 1
423 1
427 1
428 1
429 1
430 1
445 1
449 1
451 1
458 1
461 1
462 1
464 1
466 1
472 1
476 1
479 1
480 1
481 1
483 1
494 1
29 2
45 2
47 2
64 2
85 2
87 2
88 2
95 2
96 2
98 2
99 2
112 2
118 2
126 2
133 2
140 2
141 2
144 2
151 2
152 2
161 2
166 2
174 2
177 2
182 2
195 2
197 2
205 2
206 2
209 2
212 2
214 2
215 2
218 2
228 2
230 2
233 2
238 2
240 2
249 2
256 2
258 2
282 2
286 2
293 2
306 2
308 2
317 2
320 2
321 2
328 2
340 2
348 2
353 2
355 2
357 2
366 2
367 2
372 2
380 2
403 2
411 2
415 2
416 2
452 2
453 2
457 2
492 2
495 2
496 2
498 2
6 3
8 3
9 3
13 3
14 3
16 3
18 3
19 3
22 3
23 3
25 3
30 3
33 3
34 3
37 3
41 3
42 3
43 3
48 3
49 3
50 3
53 3
54 3
55 3
56 3
58 3
59 3
61 3
62 3
68 3
70 3
71 3
72 3
73 3
74 3
75 3
84 3
90 3
91 3
92 3
93 3
100 3
101 3
102 3
103 3
106 3
107 3
108 3
113 3
114 3
116 3
117 3
119 3
120 3
122 3
124 3
125 3
128 3
129 3
130 3
131 3
132 3
136 3
137 3
138 3
146 3
147 3
148 3
153 3
154 3
157 3
159 3
162 3
165 3
167 3
171 3
172 3
176 3
179 3
183 3
185 3
186 3
188 3
193 3
194 3
196 3
198 3
201 3
204 3
207 3
208 3
211 3
213 3
217 3
219 3
220 3
224 3
227 3
232 3
245 3
246 3
251 3
253 3
254 3
257 3
261 3
263 3
268 3
270 3
274 3
275 3
276 3
277 3
278 3
279 3
283 3
287 3
290 3
291 3
292 3
294 3
295 3
297 3
298 3
299 3
300 3
305 3
309 3
310 3
311 3
314 3
316 3
319 3
323 3
324 3
326 3
329 3
330 3
331 3
332 3
334 3
335 3
339 3
342 3
347 3
349 3
352 3
362 3
363 3
368 3
370 3
371 3
374 3
375 3
377 3
378 3
379 3
381 3
382 3
384 3
385 3
387 3
389 3
390 3
392 3
398 3
400 3
401 3
406 3
407 3
408 3
412 3
418 3
420 3
421 3
422 3
424 3
425 3
431 3
432 3
433 3
435 3
437 3
438 3
439 3
440 3
441 3
442 3
443 3
446 3
447 3
454 3
455 3
456 3
459 3
460 3
463 3
465 3
467 3
468 3
469 3
470 3
471 3
473 3
474 3
475 3
477 3
478 3
486 3
487 3
488 3
489 3
493 3
497 3
499 3
7 4
11 4
24 4
26 4
28 4
35 4
39 4
46 4
51 4
66 4
76 4
83 4
86 4
104 4
105 4
109 4
110 4
143 4
145 4
156 4
160 4
163 4
169 4
180 4
184 4
187 4
199 4
200 4
202 4
221 4
222 4
225 4
226 4
229 4
236 4
239 4
242 4
262 4
266 4
272 4
285 4
296 4
302 4
307 4
312 4
318 4
327 4
341 4
345 4
346 4
351 4
356 4
359 4
383 4
391 4
393 4
394 4
395 4
396 4
426 4
434 4
436 4
444 4
448 4
450 4
482 4
484 4
485 4
490 4
491 4
500 4
